rank | score | depth | no. trees
--------------------------
180 | 0.55117095 | 3 | 1 |
174 | 0.61212546 | 3 | 11 |
173 | 0.62384357 | 3 | 21 |
171 | 0.62717293 | 3 | 31 |
172 | 0.62670451 | 3 | 41 |
166 | 0.63020618 | 3 | 51 |
170 | 0.6281771 | 3 | 61 |
167 | 0.62981205 | 3 | 71 |
169 | 0.62928285 | 3 | 81 |
168 | 0.62965889 | 3 | 91 |
149 | 0.63351017 | 3 | 101 |
160 | 0.63220244 | 3 | 111 |
145 | 0.63432894 | 3 | 121 |
163 | 0.63147316 | 3 | 131 |
161 | 0.63193606 | 3 | 141 |
158 | 0.63225669 | 3 | 151 |
164 | 0.63094793 | 3 | 161 |
153 | 0.63310689 | 3 | 171 |
162 | 0.63149588 | 3 | 181 |
156 | 0.63299154 | 3 | 191 |
155 | 0.63305021 | 3 | 201 |
157 | 0.63255776 | 3 | 211 |
144 | 0.63440385 | 3 | 221 |
159 | 0.63221508 | 3 | 231 |
147 | 0.63392255 | 3 | 241 |
154 | 0.633103 | 3 | 251 |
152 | 0.63310929 | 3 | 261 |
146 | 0.63432092 | 3 | 271 |
150 | 0.63328502 | 3 | 281 |
151 | 0.63316932 | 3 | 291 |
178 | 0.56719043 | 4 | 1 |
165 | 0.63065437 | 4 | 11 |
143 | 0.63685071 | 4 | 21 |
148 | 0.63377824 | 4 | 31 |
141 | 0.63965465 | 4 | 41 |
140 | 0.64068472 | 4 | 51 |
137 | 0.64243061 | 4 | 61 |
139 | 0.64178064 | 4 | 71 |
138 | 0.64198424 | 4 | 81 |
129 | 0.64520467 | 4 | 91 |
136 | 0.64460634 | 4 | 101 |
131 | 0.64511236 | 4 | 111 |
122 | 0.64630233 | 4 | 121 |
128 | 0.64540409 | 4 | 131 |
120 | 0.64675578 | 4 | 141 |
130 | 0.64518883 | 4 | 151 |
135 | 0.64491379 | 4 | 161 |
123 | 0.64625937 | 4 | 171 |
116 | 0.64749216 | 4 | 181 |
132 | 0.64510862 | 4 | 191 |
115 | 0.64754812 | 4 | 201 |
124 | 0.6462382 | 4 | 211 |
117 | 0.64734808 | 4 | 221 |
134 | 0.64509513 | 4 | 231 |
126 | 0.64602582 | 4 | 241 |
133 | 0.64510696 | 4 | 251 |
118 | 0.64729767 | 4 | 261 |
127 | 0.64594773 | 4 | 271 |
125 | 0.64607766 | 4 | 281 |
121 | 0.64663341 | 4 | 291 |
179 | 0.56197644 | 5 | 1 |
142 | 0.63689639 | 5 | 11 |
114 | 0.64965154 | 5 | 21 |
111 | 0.65451816 | 5 | 31 |
110 | 0.65489454 | 5 | 41 |
112 | 0.65333309 | 5 | 51 |
104 | 0.65632171 | 5 | 61 |
101 | 0.65714714 | 5 | 71 |
100 | 0.65727238 | 5 | 81 |
105 | 0.65595358 | 5 | 91 |
106 | 0.65577567 | 5 | 101 |
109 | 0.65528217 | 5 | 111 |
103 | 0.65644985 | 5 | 121 |
108 | 0.65551758 | 5 | 131 |
102 | 0.65666114 | 5 | 141 |
86 | 0.65907656 | 5 | 151 |
98 | 0.65749494 | 5 | 161 |
94 | 0.65785111 | 5 | 171 |
96 | 0.6576305 | 5 | 181 |
99 | 0.65746855 | 5 | 191 |
93 | 0.65790786 | 5 | 201 |
87 | 0.65892373 | 5 | 211 |
95 | 0.65775728 | 5 | 221 |
92 | 0.65804478 | 5 | 231 |
91 | 0.65815647 | 5 | 241 |
85 | 0.65952978 | 5 | 251 |
97 | 0.65750142 | 5 | 261 |
88 | 0.65885862 | 5 | 271 |
89 | 0.65871086 | 5 | 281 |
84 | 0.6604775 | 5 | 291 |
177 | 0.56864713 | 6 | 1 |
119 | 0.64680986 | 6 | 11 |
90 | 0.65828404 | 6 | 21 |
83 | 0.66219711 | 6 | 31 |
82 | 0.66342809 | 6 | 41 |
80 | 0.66360474 | 6 | 51 |
77 | 0.66724928 | 6 | 61 |
79 | 0.66564966 | 6 | 71 |
78 | 0.66718257 | 6 | 81 |
74 | 0.6688167 | 6 | 91 |
75 | 0.66847994 | 6 | 101 |
76 | 0.66807582 | 6 | 111 |
62 | 0.67105988 | 6 | 121 |
72 | 0.66908678 | 6 | 131 |
68 | 0.66961818 | 6 | 141 |
64 | 0.67066649 | 6 | 151 |
73 | 0.66886882 | 6 | 161 |
66 | 0.67008247 | 6 | 171 |
61 | 0.67106959 | 6 | 181 |
69 | 0.66942287 | 6 | 191 |
70 | 0.66942191 | 6 | 201 |
71 | 0.66936821 | 6 | 211 |
57 | 0.67148907 | 6 | 221 |
60 | 0.67117729 | 6 | 231 |
67 | 0.6699491 | 6 | 241 |
58 | 0.67129957 | 6 | 251 |
59 | 0.67120542 | 6 | 261 |
65 | 0.67064934 | 6 | 271 |
56 | 0.67248329 | 6 | 281 |
63 | 0.67093817 | 6 | 291 |
175 | 0.57988239 | 7 | 1 |
113 | 0.65013407 | 7 | 11 |
81 | 0.66360396 | 7 | 21 |
55 | 0.67261262 | 7 | 31 |
54 | 0.67345381 | 7 | 41 |
52 | 0.67396059 | 7 | 51 |
51 | 0.67599849 | 7 | 61 |
50 | 0.67736035 | 7 | 71 |
48 | 0.68060725 | 7 | 81 |
49 | 0.68011906 | 7 | 91 |
31 | 0.68444345 | 7 | 101 |
47 | 0.68075145 | 7 | 111 |
44 | 0.68210685 | 7 | 121 |
45 | 0.6817759 | 7 | 131 |
37 | 0.6835588 | 7 | 141 |
33 | 0.68405583 | 7 | 151 |
27 | 0.68518417 | 7 | 161 |
42 | 0.68261139 | 7 | 171 |
43 | 0.68225017 | 7 | 181 |
28 | 0.68472812 | 7 | 191 |
40 | 0.68311662 | 7 | 201 |
39 | 0.68312881 | 7 | 211 |
41 | 0.68283846 | 7 | 221 |
35 | 0.68371954 | 7 | 231 |
38 | 0.68355449 | 7 | 241 |
32 | 0.6840563 | 7 | 251 |
36 | 0.6837084 | 7 | 261 |
34 | 0.68379662 | 7 | 271 |
30 | 0.68451622 | 7 | 281 |
29 | 0.68463644 | 7 | 291 |
176 | 0.57765765 | 8 | 1 |
107 | 0.65561882 | 8 | 11 |
53 | 0.67368209 | 8 | 21 |
46 | 0.6813305 | 8 | 31 |
25 | 0.68780643 | 8 | 41 |
24 | 0.68899143 | 8 | 51 |
26 | 0.68769046 | 8 | 61 |
22 | 0.69224143 | 8 | 71 |
23 | 0.69044651 | 8 | 81 |
21 | 0.69236415 | 8 | 91 |
20 | 0.6926896 | 8 | 101 |
19 | 0.69336507 | 8 | 111 |
15 | 0.69542291 | 8 | 121 |
16 | 0.6950356 | 8 | 131 |
13 | 0.69633031 | 8 | 141 |
17 | 0.69481393 | 8 | 151 |
18 | 0.69371629 | 8 | 161 |
12 | 0.69641458 | 8 | 171 |
8 | 0.69671615 | 8 | 181 |
14 | 0.69542362 | 8 | 191 |
11 | 0.69647346 | 8 | 201 |
7 | 0.69712327 | 8 | 211 |
4 | 0.6978213 | 8 | 221 |
9 | 0.6967086 | 8 | 231 |
5 | 0.69767919 | 8 | 241 |
10 | 0.69659383 | 8 | 251 |
3 | 0.69791149 | 8 | 261 |
6 | 0.69749658 | 8 | 271 |
2 | 0.69802485 | 8 | 281 |
1 | 0.69881146 | 8 | 291 |







































































































































































































































































































































































